2000.001  180.165
2000.086  178.204
2000.165  176.076
2000.250  176.469
2000.332  172.783
2000.417  169.843
2000.499  166.610
2000.583  169.361
2000.668  172.136
2000.750  174.004
2000.835  168.192
2000.917  170.429
2001.001  172.992
2001.086  175.312
2001.163  178.563
2001.248  171.446
2001.330  176.580
2001.415  177.550
2001.497  178.285
2001.582  174.935
2001.667  176.219
2001.749  171.485
2001.834  173.798
2001.916  175.065
2002.001  170.764
2002.086  175.869
2002.163  174.520
2002.248  174.214
2002.330  174.437
2002.415  175.173
2002.497  172.645
2002.582  168.981
2002.667  171.669
2002.749  172.576
2002.834  169.878
2002.916  170.351
2003.001  172.884
2003.086  172.749
2003.163  173.968
2003.248  172.650
2003.330  171.951
2003.415  168.298
2003.497  170.911
2003.582  172.395
2003.667  174.180
2003.749  171.334
2003.834  160.988
2003.916  171.562
2004.001  171.307
2004.086  175.852
2004.165  178.968
2004.250  181.290
2004.332  183.326
2004.417  183.430
2004.499  180.732
2004.583  182.170
2004.668  183.643
2004.750  187.701
2004.835  182.854
2004.917  185.081
2005.001  178.089
2005.086  182.175
2005.163  183.411
2005.248  185.158
2005.330  181.217
2005.415  184.845
2005.497  183.276
2005.582  181.507
2005.667  177.841
2005.749  185.964
2005.834  187.157
2005.916  186.610
2006.001  187.703
2006.086  190.347
2006.163  192.368
2006.248  192.676
2006.330  193.882
2006.415  194.047
2006.497  193.185
2006.582  193.100
2006.667  193.463
2006.749  194.950
2006.834  195.102
2006.916  190.770
2007.001  194.721
2007.086  194.734
2007.163  195.620
2007.248  197.173
2007.330  197.794
2007.415  197.641
2007.497  197.525
2007.582  197.463
2007.667  198.133
2007.749  197.995
2007.834  196.726
2007.916  197.813
2008.001  196.999
2008.086  196.982
2008.165  197.070
2008.250  197.746
2008.332  197.268
2008.417  197.636
2008.499  198.179
2008.583  199.286
2008.668  200.017
2008.750  198.698
2008.835  199.248
2008.917  200.346
2009.001  200.832
2009.086  201.829
2009.163  202.807
2009.248  203.428
2009.330  204.198
2009.415  204.002
2009.497  203.885
2009.582  203.556
2009.667  204.255
2009.749  204.155
2009.834  204.052
2009.916  204.104
2010.001  203.754
2010.086  200.967
2010.163  199.969
2010.248  197.711
2010.330  198.939
2010.415  197.862
2010.497  197.697
2010.582  196.681
2010.667  197.141
2010.749  197.441
2010.834  196.104
2010.916  195.675
2011.001  197.495
2011.086  197.380
2011.163  195.410
2011.248  191.318
2011.330  192.036
2011.415  188.126
2011.497  189.791
2011.582  190.232
2011.667  170.846
2011.749  188.882
2011.834  191.534
2011.916  193.768
2012.001  192.384
2012.086  189.808
2012.165  184.731
2012.250  190.829
2012.332  191.477
2012.417  188.833
2012.499  183.204
2012.583  184.108
2012.668  187.026
2012.750  187.077
2012.835  187.246
2012.917  188.145
2013.001  189.213
2013.086  189.034
2013.163  186.922
2013.248  188.363
2013.330  183.235
2013.415  182.693
2013.497  183.765
2013.582  184.577
2013.667  185.526
2013.749  187.822
2013.834  187.516
2013.916  186.103
2014.001  185.307
2014.086  182.523
2014.163  183.372
2014.248  184.271
2014.330  186.365
2014.415  184.211
2014.497  184.859
2014.582  186.521
2014.667  184.934
2014.749  184.811
2014.834  184.011
2014.916  180.664
2015.001  183.158
2015.086  183.017
2015.163  180.137
2015.248  181.626
2015.330  183.846
2015.415  182.774
2015.497  185.603
2015.582  186.559
2015.667  186.578
2015.749  186.454
2015.834  187.031
2015.916  187.929
2016.001  190.010
2016.086  191.961
2016.165  191.608
2016.250  192.053
2016.332  193.459
2016.417  193.949
2016.499  193.100
2016.583  193.933
2016.668  195.352
2016.750  196.998
2016.835  197.257
2016.917  197.857
2017.001  198.399
2017.086  198.344
2017.163  199.295
2017.248  197.837
2017.330  198.676
2017.415  199.482
2017.497  197.403
2017.582  195.220
2017.667  195.158
2017.749  197.025
2017.834  198.847
2017.916  198.717
2018.001  199.506
2018.086  200.089
2018.163  199.961
2018.248  200.971
2018.330  201.234
2018.415  201.240
2018.497  201.403
2018.582  201.037
2018.667  202.364
2018.749  201.909
2018.834  200.615
2018.916  200.075
2019.001  200.503
2019.086  200.734
2019.163  202.149
2019.248  202.929
2019.330  200.919
2019.415  202.000
2019.497  201.726
2019.582  201.357
2019.667  203.400
2019.749  203.129
2019.834  202.879
