1960.001  172.941
1960.086  174.613
1960.165  175.516
1960.250  172.042
1960.332  170.136
1960.417  175.272
1960.499  174.481
1960.583  178.858
1960.668  177.322
1960.750  173.278
1960.835  170.522
1960.917  174.671
1961.001  182.870
1961.086  182.094
1961.163  184.509
1961.248  182.716
1961.330  184.108
1961.415  183.920
1961.497  178.614
1961.582  182.074
1961.667  181.608
1961.749  184.752
1961.834  186.098
1961.916  186.393
1962.001  187.795
1962.086  187.067
1962.163  189.294
1962.248  186.551
1962.330  187.181
1962.415  188.058
1962.497  189.028
1962.582  189.031
1962.667  187.835
1962.749  188.718
1962.834  187.061
1962.916  187.933
1963.001  203.936
1963.086  203.444
1963.163  202.682
1963.248  193.040
1963.330  192.165
1963.415  194.613
1963.497  196.705
1963.582  195.516
1963.667  194.761
1963.749  198.340
1963.834  193.892
1963.916  194.640
1964.001  199.040
1964.086  200.810
1964.165  197.898
1964.250  199.107
1964.332  201.977
1964.417  202.816
1964.499  198.753
1964.583  198.332
1964.668  197.729
1964.750  195.429
1964.835  199.315
1964.917  207.944
1965.001  204.122
1965.086  204.421
1965.163  204.245
1965.248  206.435
1965.330  205.617
1965.415  199.468
1965.497  202.673
1965.582  201.330
1965.667  199.610
1965.749  200.271
1965.834  200.936
1965.916  201.217
1966.001  204.239
1966.086  203.120
1966.163  203.494
1966.248  207.724
1966.330  209.012
1966.415  206.008
1966.497  204.393
1966.582  202.415
1966.667  195.936
1966.749  207.313
1966.834  208.051
1966.916  195.209
1967.001  186.350
1967.086  192.397
1967.163  190.536
1967.248  185.234
1967.330  178.158
1967.415  183.383
1967.497  188.939
1967.582  188.532
1967.667  188.247
1967.749  189.046
1967.834  187.307
1967.916  187.994
1968.001  187.813
1968.086  186.764
1968.165  180.645
1968.250  181.703
1968.332  176.033
1968.417  178.002
1968.499  178.145
1968.583  183.872
1968.668  179.286
1968.750  170.621
1968.835  164.491
1968.917  166.823
1969.001  171.059
1969.086  172.791
1969.163  171.089
1969.248  169.946
1969.330  165.279
1969.415  163.489
1969.497  166.771
1969.582  169.768
1969.667  172.940
1969.749  173.490
1969.834  172.682
1969.916  172.199
1970.001  171.448
1970.086  171.969
1970.163  172.497
1970.248  170.744
1970.330  168.559
1970.415  167.722
1970.497  168.225
1970.582  171.136
1970.667  173.463
1970.749  172.710
1970.834  170.306
1970.916  175.380
1971.001  175.114
1971.086  177.988
1971.163  177.728
1971.248  177.902
1971.330  179.212
1971.415  181.813
1971.497  182.108
1971.582  182.295
1971.667  181.938
1971.749  182.726
1971.834  181.185
1971.916  180.320
1972.001  180.883
1972.086  181.593
1972.165  183.291
1972.250  185.691
1972.332  184.393
1972.417  181.473
1972.499  185.938
1972.583  170.580
1972.668  170.828
1972.750  179.309
1972.835  181.122
1972.917  179.386
1973.001  179.548
1973.086  178.030
1973.163  177.751
1973.248  174.103
1973.330  173.793
1973.415  178.454
1973.497  179.478
1973.582  181.363
1973.667  182.013
1973.749  179.416
1973.834  180.497
1973.916  179.503
1974.001  177.070
1974.086  177.721
1974.163  177.942
1974.248  180.641
1974.330  176.475
1974.415  175.392
1974.497  174.001
1974.582  177.303
1974.667  174.036
1974.749  171.048
1974.834  172.618
1974.916  173.964
1975.001  174.582
1975.086  176.762
1975.163  177.157
1975.248  177.796
1975.330  180.675
1975.415  181.159
1975.497  182.201
1975.582  181.887
1975.667  182.000
1975.749  180.487
1975.834  179.708
1975.916  180.699
1976.001  179.741
1976.086  180.378
1976.165  181.003
1976.250  179.910
1976.332  181.065
1976.417  181.624
1976.499  182.285
1976.583  182.361
1976.668  180.288
1976.750  177.749
1976.835  172.847
1976.917  173.269
1977.001  172.751
1977.086  174.185
1977.163  174.051
1977.248  174.297
1977.330  172.270
1977.415  173.155
1977.497  172.114
1977.582  170.909
1977.667  171.238
1977.749  171.222
1977.834  172.316
1977.916  173.162
1978.001  170.741
1978.086  169.910
1978.163  169.207
1978.248  166.682
1978.330  163.682
1978.415  166.826
1978.497  166.374
1978.582  172.133
1978.667  171.417
1978.749  168.748
1978.834  171.055
1978.916  170.166
1979.001  168.110
1979.086  166.824
1979.163  163.726
1979.248  161.305
1979.330  162.414
1979.415  159.623
1979.497  160.770
1979.582  157.049
1979.667  159.321
1979.749  160.358
1979.834  157.332
1979.916  159.964
1980.001  159.114
1980.086  158.823
1980.165  161.801
1980.250  157.346
1980.332  158.624
1980.417  154.561
1980.499  155.959
1980.583  158.122
1980.668  158.953
1980.750  154.125
1980.835  150.106
1980.917  147.591
1981.001  151.450
1981.086  151.042
1981.163  150.024
1981.248  146.567
1981.330  144.132
1981.415  150.825
1981.497  151.603
1981.582  153.814
1981.667  154.731
1981.749  147.752
1981.834  147.391
1981.916  149.681
1982.001  152.480
1982.086  147.900
1982.163  151.903
1982.248  152.602
1982.330  152.575
1982.415  144.204
1982.497  138.971
1982.582  139.229
1982.667  135.992
1982.749  138.220
1982.834  140.378
1982.916  135.334
1983.001  139.819
2009.001  194.634
2009.086  194.656
2009.163  194.374
2009.248  195.400
2009.330  195.200
2009.415  195.680
2009.497  196.107
2009.582  196.204
2009.667  196.358
2009.749  196.177
2009.834  196.169
2009.916  196.182
2010.001  195.876
2010.086  194.088
2010.163  191.957
2010.248  190.664
2010.330  190.695
2010.415  197.755
2010.497  192.403
2010.582  191.590
2010.667  189.743
2010.749  190.425
2010.834  189.390
2010.916  188.599
2011.001  190.241
2011.086  190.465
2011.163  187.689
2011.248  184.645
2011.330  186.824
2011.415  182.378
2011.497  184.882
2011.582  185.223
2011.667  185.083
2011.749  183.438
2011.834  185.555
2011.916  205.899
2012.001  197.809
2012.086  184.600
2012.165  184.286
2012.250  185.972
2012.332  185.243
2012.417  183.350
2012.499  178.614
2012.583  179.792
2012.668  182.257
2012.750  182.209
2012.835  182.846
2012.917  183.080
2013.001  185.065
2013.086  184.749
2013.163  182.368
2013.248  182.397
2013.330  177.395
2013.415  177.748
2013.497  180.056
2013.582  180.821
2013.667  182.199
2013.749  183.375
2013.834  182.509
2013.916  180.708
2014.001  180.405
2014.086  177.417
2014.163  178.826
2014.248  179.829
2014.330  181.041
2014.415  178.920
2014.497  179.679
2014.582  182.142
2014.667  179.919
2014.749  178.990
2014.834  177.710
2014.916  174.003
2015.001  176.611
2015.086  177.345
2015.163  174.543
2015.248  176.293
2015.330  178.835
2015.415  178.393
2015.497  181.265
2015.582  181.267
2015.667  180.589
2015.749  180.897
2015.834  180.585
2015.916  182.144
2016.001  184.285
2016.086  186.000
2016.165  186.043
2016.250  185.172
2016.332  185.498
2016.417  186.307
2016.499  228.947
2016.583  221.577
2016.668  187.622
2016.750  189.255
2016.835  189.456
2016.917  189.570
2017.001  191.504
2017.086  191.089
2017.163  196.618
2017.248  215.867
2017.330  189.988
2017.415  191.117
2017.497  189.643
2017.582  188.027
2017.667  187.967
2017.749  188.418
2017.834  190.938
2017.916  190.833
2018.001  190.068
2018.086  191.100
2018.163  205.582
2018.248  262.137
2018.330  208.029
2018.415  264.786
2018.497  195.277
2018.582  210.170
2018.667  223.496
2018.749  258.561
2018.834  301.778
2018.916  452.799
2019.001  484.992
2019.086  450.926
2019.163  425.940
2019.248  193.523
2019.330  191.433
2019.415  192.633
2019.497  192.843
2019.582  192.860
2019.667  193.630
2019.749  192.535
2019.834  192.468
