1964.250  106.883
1964.332  107.062
1964.417  107.115
1964.499  107.676
1964.583  107.730
1964.668  108.178
1964.750  107.893
1964.835  107.790
1964.917  108.529
1965.001  108.421
1965.086  107.770
1965.163  108.862
1965.248  109.872
1965.330  110.318
1965.415  108.534
1965.497  107.872
1965.582  107.558
1965.667  107.840
1965.749  108.467
1965.834  109.305
1965.916  108.458
1966.001  107.051
1966.086  106.267
1966.163  106.835
1966.248  106.608
1966.330  107.241
1966.415  105.757
1966.497  105.062
1966.582  104.612
1966.667  100.669
1966.749  102.693
1966.834  103.661
1966.916  102.582
1967.001  100.355
1967.086  99.351
1967.163  101.235
1967.248  102.523
1967.330  100.674
1967.415  99.932
1967.497  100.785
1967.582  99.690
1967.667  100.617
1967.749  101.150
1967.834  100.161
1967.916  100.052
1968.001  99.210
1968.086  97.975
1968.165  98.539
1968.250  100.813
1968.332  99.733
1968.417  98.415
1968.499  98.738
1968.583  99.036
1968.668  98.221
1968.750  96.678
1968.835  93.709
1968.917  94.242
1969.001  96.179
1969.086  95.496
1969.163  95.718
1969.248  97.135
1969.330  94.770
1969.415  93.797
1969.497  94.817
1969.582  96.410
1969.667  97.207
1969.749  97.661
1969.834  97.497
1969.916  97.727
1970.001  96.524
1970.086  96.490
1970.163  96.570
1970.248  96.710
1970.330  97.345
1970.415  94.970
1970.497  94.818
1970.582  96.348
1970.667  97.821
1970.749  98.493
1970.834  96.564
1970.916  98.979
1971.001  98.489
1971.086  100.051
1971.163  99.258
1971.248  101.481
1971.330  102.192
1971.415  104.233
1971.497  104.419
1971.582  105.323
1971.667  105.375
1971.749  106.438
1971.834  105.795
1971.916  104.907
1972.001  103.780
1972.086  102.164
1972.165  106.508
1972.250  107.411
1972.332  106.831
1972.417  104.486
1972.499  105.937
1972.583  101.537
1972.668  105.788
1972.750  105.890
1972.835  102.468
1972.917  105.905
1973.001  106.088
1973.086  105.556
1973.163  105.131
1973.248  103.287
1973.330  102.099
1973.415  104.375
1973.497  105.218
1973.582  106.008
1973.667  107.865
1973.749  107.436
1973.834  107.924
1973.916  107.915
1974.001  107.550
1974.086  107.994
1974.163  106.946
1974.248  106.382
1974.330  104.686
1974.415  103.553
1974.497  101.568
1974.582  103.228
1974.667  102.479
1974.749  102.590
1974.834  103.196
1974.916  105.058
1975.001  105.303
1975.086  106.240
1975.163  106.479
1975.248  107.151
1975.330  107.307
1975.415  107.693
1975.497  107.443
1975.582  106.747
1975.667  107.109
1975.749  107.002
1975.834  105.926
1975.916  107.142
1976.001  106.945
1976.086  106.922
1976.165  106.967
1976.250  106.193
1976.332  106.877
1976.417  107.359
1976.499  107.804
1976.583  107.934
1976.668  108.133
1976.750  107.993
1976.835  108.208
1976.917  107.814
1977.001  107.234
1977.086  107.323
1977.163  107.561
1977.248  107.256
1977.330  107.272
1977.415  107.193
1977.497  105.715
1977.582  105.947
1977.667  106.129
1977.749  106.989
1977.834  108.037
1977.916  107.538
1978.001  105.709
1978.086  105.187
1978.163  104.963
1978.248  103.078
1978.330  100.867
1978.415  102.530
1978.497  102.657
1978.582  105.153
1978.667  105.290
1978.749  103.682
1978.834  104.368
1978.916  104.493
1979.001  102.985
1979.086  102.535
1979.163  101.285
1979.248  99.213
1979.330  99.950
1979.415  97.617
1979.497  97.721
1979.582  95.431
1979.667  96.330
1979.749  98.040
1979.834  98.151
1979.916  99.996
1980.001  99.556
1980.086  98.884
1980.165  100.246
1980.250  98.533
1980.332  98.581
1980.417  95.724
1980.499  95.733
1980.583  96.059
1980.668  95.996
1980.750  94.184
1980.835  92.620
1980.917  92.476
1981.001  95.535
1981.086  94.094
1981.163  93.636
1981.248  92.657
1981.330  91.468
1981.415  94.092
1981.497  94.403
1981.582  94.511
1981.667  95.879
1981.749  92.862
1981.834  93.264
1981.916  95.168
1982.001  97.161
1982.086  93.815
1982.163  96.917
1982.248  97.676
1982.330  98.604
1982.415  93.810
1982.497  90.247
1982.582  89.779
1982.667  87.638
1982.749  90.000
1982.834  91.045
1982.916  89.435
1983.001  91.874
1983.086  94.073
1983.163  96.031
1983.248  96.140
1983.330  93.357
1983.415  95.120
1983.497  96.972
1983.582  97.046
1983.667  97.730
1983.749  98.228
1983.834  98.716
1983.916  98.745
1984.001  99.615
1984.086  99.210
1984.165  97.747
1984.250  96.701
1984.332  94.535
1984.417  96.319
1984.499  96.879
1984.583  98.239
1984.668  98.667
1984.750  98.668
1984.835  98.360
1984.917  98.796
1985.001  99.084
1985.086  100.575
1985.163  100.863
1985.248  101.293
1985.330  101.666
1985.415  102.849
1985.497  102.448
1985.582  102.478
1985.667  103.821
1985.749  103.813
1985.834  104.958
1985.916  104.209
1986.001  103.905
1986.086  101.979
1986.163  103.648
1986.248  105.772
1986.330  106.084
1986.415  106.241
1986.497  106.349
1986.582  106.479
1986.667  106.790
1986.749  107.331
1986.834  105.806
1986.916  107.564
1987.001  108.949
1987.086  109.306
1987.163  109.456
1987.248  109.117
1987.330  108.420
1987.415  106.618
1987.497  105.833
1987.582  104.910
1987.667  104.079
1987.749  104.144
1987.834  103.383
1987.916  103.531
1988.001  100.673
1988.086  101.702
1988.165  102.106
1988.250  101.589
1988.332  101.844
1988.417  101.433
1988.499  99.617
1988.583  99.673
1988.668  99.585
1988.750  99.197
1988.835  98.816
1988.917  96.211
1989.001  94.964
1989.086  94.653
1989.163  90.214
1989.248  91.126
1989.330  89.430
1989.415  90.135
1989.497  92.956
1989.582  91.673
1989.667  90.561
1989.749  88.675
1989.834  86.511
1989.916  88.008
1990.001  89.716
1990.086  90.083
1990.163  88.943
1990.248  87.181
1990.330  86.849
1990.415  86.672
1990.497  89.078
1990.582  88.605
1990.667  90.278
1990.749  91.889
1990.834  93.197
1990.916  93.442
1991.001  95.597
1991.086  96.163
1991.163  89.743
1991.248  90.542
1991.330  91.065
1991.415  80.764
1991.497  81.450
1991.582  86.538
1991.667  90.599
1991.749  91.619
1991.834  91.905
1991.916  93.507
1992.001  93.238
1992.086  92.556
1992.165  94.761
1992.250  97.584
1992.332  96.783
1992.417  99.058
1992.499  100.322
1992.583  99.805
1992.668  99.243
1992.750  100.892
1992.835  100.267
1992.917  101.799
1993.001  101.410
1993.086  101.479
1993.163  100.133
1993.248  101.709
1993.330  102.319
1993.415  102.852
1993.497  103.043
1993.582  103.177
1993.667  103.854
1993.749  103.901
1993.834  104.324
1993.916  104.106
1994.001  104.286
1994.086  102.565
1994.163  102.659
1994.248  102.334
1994.330  103.431
1994.415  103.539
1994.497  104.079
1994.582  104.942
1994.667  105.448
1994.749  104.886
1994.834  104.765
1994.916  104.542
1995.001  104.839
1995.086  105.148
1995.163  104.627
1995.248  105.057
1995.330  105.372
1995.415  105.422
1995.497  105.497
1995.582  105.639
1995.667  105.427
1995.749  104.975
1995.834  105.086
1995.916  105.867
1996.001  105.987
1996.086  106.393
1996.165  107.283
1996.250  107.650
1996.332  107.652
1996.417  107.742
1996.499  107.788
1996.583  107.412
1996.668  107.329
1996.750  106.837
1996.835  106.718
1996.917  106.907
1997.001  107.640
1997.086  107.952
1997.163  108.067
1997.248  107.804
1997.330  108.061
1997.415  107.916
1997.497  107.871
1997.582  108.408
1997.667  108.325
1997.749  107.728
1997.834  106.918
1997.916  107.400
1998.001  107.530
1998.086  107.705
1998.163  107.810
1998.248  105.283
1998.330  103.477
1998.415  103.933
1998.497  105.156
1998.582  103.800
1998.667  105.121
1998.749  106.006
1998.834  105.212
1998.916  104.423
1999.001  102.973
1999.086  102.954
1999.163  103.206
1999.248  104.028
1999.330  103.665
1999.415  104.488
1999.497  105.224
1999.582  102.868
1999.667  100.848
1999.749  99.905
1999.834  99.516
1999.916  98.049
2000.001  99.313
2000.086  98.452
2000.165  97.113
2000.250  97.448
2000.332  95.450
2000.417  93.652
2000.499  91.975
2000.583  93.386
2000.668  94.425
2000.750  96.329
2000.835  94.039
2000.917  94.837
2001.001  96.069
2001.086  98.420
2001.163  99.493
2001.248  94.735
2001.330  97.189
2001.415  97.915
2001.497  98.415
2001.582  96.728
2001.667  96.727
2001.749  95.309
2001.834  96.688
2001.916  97.554
2002.001  94.718
2002.086  97.607
2002.163  96.535
2002.248  96.589
2002.330  96.759
2002.415  97.582
2002.497  95.931
2002.582  93.875
2002.667  95.460
2002.749  96.207
2002.834  94.605
2002.916  95.063
2003.001  95.948
2003.086  95.915
2003.163  96.524
2003.248  96.143
2003.330  95.328
2003.415  93.472
2003.497  95.058
2003.582  95.872
2003.667  96.704
2003.749  95.253
2003.834  89.849
2003.916  95.889
2004.001  95.141
2004.086  97.910
2004.165  99.892
2004.250  100.936
2004.332  101.932
2004.417  101.888
2004.499  100.463
2004.583  101.073
2004.668  101.724
2004.750  104.086
2004.835  101.427
2004.917  102.194
2005.001  98.509
2005.086  101.409
2005.163  102.147
2005.248  103.041
2005.330  100.710
2005.415  102.611
2005.497  101.937
2005.582  101.079
2005.667  98.300
2005.749  103.060
2005.834  104.276
2005.916  104.296
2006.001  104.665
2006.086  105.896
2006.163  107.121
2006.248  107.273
2006.330  107.727
2006.415  107.670
2006.497  107.382
2006.582  107.428
2006.667  107.367
2006.749  108.242
2006.834  107.942
2006.916  106.567
2007.001  108.759
2007.086  108.316
2007.163  108.940
2007.248  109.964
2007.330  109.966
2007.415  110.033
2007.497  109.872
2007.582  109.729
2007.667  109.985
2007.749  110.060
2007.834  109.903
2007.916  110.301
2008.001  109.883
2008.086  109.616
2008.165  109.631
2008.250  109.786
2008.332  109.641
2008.417  109.692
2008.499  109.972
2008.583  110.605
2008.668  110.984
2008.750  111.307
2008.835  111.734
2008.917  111.708
2009.001  111.965
2009.086  111.941
2009.163  112.657
2009.248  113.336
2009.330  113.429
2009.415  113.227
2009.497  113.046
2009.582  113.061
2009.667  113.305
2009.749  113.629
2009.834  113.673
2009.916  113.832
2010.001  113.283
2010.086  111.736
2010.163  110.701
2010.248  109.783
2010.330  110.272
2010.415  109.943
2010.497  109.759
2010.582  109.410
2010.667  109.410
2010.749  109.842
2010.834  109.361
2010.916  108.673
2011.001  109.095
2011.086  108.605
2011.163  108.250
2011.248  106.190
2011.330  107.424
2011.415  104.663
2011.497  105.573
2011.582  105.833
2011.667  105.712
2011.749  105.133
2011.834  106.421
2011.916  107.881
2012.001  106.359
2012.086  105.147
2012.165  102.486
2012.250  105.921
2012.332  106.251
2012.417  104.802
2012.499  101.739
2012.583  102.268
2012.668  103.811
2012.750  103.707
2012.835  104.130
2012.917  104.851
2013.001  105.146
2013.086  105.235
2013.163  104.320
2013.248  104.457
2013.330  101.508
2013.415  101.382
2013.497  101.727
2013.582  102.352
2013.667  102.999
2013.749  104.141
2013.834  103.632
2013.916  102.730
2014.001  103.205
2014.086  101.317
2014.163  102.032
2014.248  102.524
2014.330  103.358
2014.415  101.946
2014.497  102.640
2014.582  103.644
2014.667  102.497
2014.749  102.540
2014.834  102.227
2014.916  100.136
2015.001  100.993
2015.086  101.213
2015.163  99.858
2015.248  100.766
2015.330  101.972
2015.415  101.699
2015.497  102.917
2015.582  103.068
2015.667  103.094
2015.749  103.332
2015.834  103.751
2015.916  104.396
2016.001  106.072
2016.086  106.974
2016.165  106.790
2016.250  106.995
2016.332  107.091
2016.417  107.613
2016.499  107.121
2016.583  107.876
2016.668  107.952
2016.750  108.832
2016.835  109.513
2016.917  109.458
2017.001  110.104
2017.086  110.385
2017.163  110.696
2017.248  110.060
2017.330  110.328
2017.415  110.613
2017.497  109.558
2017.582  108.404
2017.667  107.704
2017.749  108.881
2017.834  110.064
2017.916  110.299
2018.001  110.345
2018.086  110.683
2018.163  110.821
2018.248  111.072
2018.330  110.906
2018.415  111.578
2018.497  111.483
2018.582  111.485
2018.667  111.652
2018.749  111.829
2018.834  111.617
2018.916  111.423
2019.001  111.448
2019.086  111.277
2019.163  112.011
2019.248  111.985
2019.330  111.026
2019.415  111.773
2019.497  111.773
2019.582  111.676
2019.667  112.103
2019.749  112.325
2019.834  112.113
