1997.330  132.228
1997.415  132.249
1997.497  132.246
1997.582  132.651
1997.667  132.500
1997.749  131.930
1997.834  131.550
1997.916  131.914
1998.001  132.115
1998.086  132.370
1998.163  133.048
1998.248  130.462
1998.330  129.523
1998.415  129.609
1998.497  130.280
1998.582  129.406
1998.667  130.343
1998.749  130.972
1998.834  131.122
1998.916  129.960
1999.001  128.791
1999.086  129.152
1999.163  129.609
1999.248  129.486
1999.330  129.028
1999.415  130.319
1999.497  130.798
1999.582  128.537
1999.667  127.361
1999.749  127.100
1999.834  126.859
1999.916  126.343
2000.001  127.428
2000.086  126.789
2000.165  125.655
2000.250  125.835
2000.332  123.573
2000.417  122.267
2000.499  120.755
2000.583  122.895
2000.668  124.183
2000.750  125.730
2000.835  123.048
2000.917  124.496
2001.001  125.800
2001.086  128.172
2001.163  128.641
2001.248  123.663
2001.330  125.394
2001.415  125.990
2001.497  126.315
2001.582  124.413
2001.667  125.046
2001.749  124.384
2001.834  125.903
2001.916  126.210
2002.001  124.015
2002.086  126.453
2002.163  125.539
2002.248  125.464
2002.330  125.067
2002.415  125.488
2002.497  123.920
2002.582  122.236
2002.667  123.812
2002.749  124.365
2002.834  122.498
2002.916  123.278
2003.001  124.719
2003.086  125.039
2003.163  125.369
2003.248  124.522
2003.330  124.028
2003.415  121.704
2003.497  123.644
2003.582  124.534
2003.667  125.242
2003.749  123.310
2003.834  119.054
2003.916  124.792
2004.001  123.911
2004.086  126.757
2004.165  128.213
2004.250  128.389
2004.332  129.348
2004.417  128.910
2004.499  127.924
2004.583  128.506
2004.668  129.170
2004.750  130.696
2004.835  128.963
2004.917  129.225
2005.001  145.824
2005.086  149.513
2005.163  149.585
2005.248  150.230
2005.330  148.278
2005.415  149.631
2005.497  148.795
2005.582  148.163
2005.667  145.628
2005.749  149.527
2005.834  150.945
2005.916  150.785
2006.001  151.838
2006.086  153.300
2006.163  153.775
2006.248  153.902
2006.330  153.765
2006.415  153.772
2006.497  152.956
2006.582  153.184
2006.667  152.908
2006.749  153.835
2006.834  154.022
2006.916  152.548
2007.001  154.320
2007.086  154.131
2007.163  155.002
2007.248  155.479
2007.330  155.293
2007.415  155.004
2007.497  155.061
2007.582  154.921
2007.667  155.393
2007.749  155.466
2007.834  155.102
2007.916  155.604
2008.750  156.122
2008.835  156.886
2008.917  157.053
2009.001  157.200
2009.086  158.236
2009.163  158.504
2009.248  158.647
2009.330  158.409
2009.415  158.134
2009.497  157.971
2009.582  157.892
2009.667  158.189
2009.749  158.658
2009.834  158.151
2009.916  158.256
2010.001  158.038
2010.086  156.874
2010.163  156.435
2010.248  155.710
2010.330  155.806
2010.415  155.720
2010.497  155.870
2010.582  155.301
2010.667  155.549
2010.749  155.849
2010.834  154.785
2010.916  154.698
2011.001  155.718
2011.086  156.513
2011.163  154.829
2011.248  153.166
2011.330  154.344
2011.415  151.512
2011.497  153.729
2011.582  152.997
2011.667  153.079
2011.749  152.544
2011.834  153.559
2011.916  154.636
2012.001  154.268
2012.086  153.030
2012.165  151.104
2012.250  153.856
2012.332  153.578
2012.417  152.398
2012.499  149.504
2012.583  150.646
2012.668  151.985
2012.750  152.115
2012.835  152.090
2012.917  152.638
2013.001  153.432
2013.086  153.715
2013.163  152.062
2013.248  152.339
2013.330  150.008
2013.415  150.206
2013.497  150.745
2013.582  151.340
2013.667  152.155
2013.749  152.995
2013.834  152.490
2013.916  151.831
2014.001  151.072
2014.086  149.619
2014.163  151.088
2014.248  151.471
2014.330  152.130
2014.415  150.232
2014.497  150.927
2014.582  151.545
2014.667  150.239
2014.749  149.949
2014.834  148.726
2014.916  147.261
2015.001  149.347
2015.086  149.492
2015.163  148.241
2015.248  149.382
2015.330  150.263
2015.415  149.399
2015.497  150.695
2015.582  150.681
2015.667  150.526
2015.749  150.043
2015.834  151.046
2015.916  151.105
2017.163  156.411
2017.248  155.230
2017.330  155.361
2017.415  154.924
2017.497  184.436
2017.582  125.854
2017.667  125.749
2017.749  125.979
2017.834  127.230
2017.916  127.030
2018.001  127.072
2018.086  127.593
2018.163  127.338
2018.248  127.332
2018.330  127.510
2018.415  127.866
2018.497  127.523
2018.582  127.546
2018.667  127.616
2018.749  127.795
2018.834  127.372
2018.916  127.495
2019.001  128.061
2019.086  128.061
2019.163  128.597
2019.248  128.360
2019.330  127.748
2019.415  127.563
2019.497  127.510
2019.582  127.520
2019.667  128.808
2019.749  127.958
2019.834  127.665
