2019 12 01 2019.916   0   0.0  15  19
2019 12 02 2019.919   0   0.0  24  25
2019 12 03 2019.922   0   0.0  28  29
2019 12 04 2019.925   0   0.0  27  28
2019 12 05 2019.927   0   0.0  21  22
2019 12 06 2019.930   0   0.0  11  15
2019 12 07 2019.933   0   0.0  16  18
2019 12 08 2019.936   0   0.0  23  25
2019 12 09 2019.938   0   0.0  19  20
2019 12 10 2019.941   0   0.0  32  32
2019 12 11 2019.944   0   0.0  21  22
2019 12 12 2019.947   0   0.0  21  23
2019 12 13 2019.949   0   0.0  13  13
2019 12 14 2019.952   0   0.0  32  33
2019 12 15 2019.955   0   0.0  26  29
2019 12 16 2019.958   0   0.0  14  16
2019 12 17 2019.960   0   0.0   5   5
