1960 166.724
1960.09 189.886
1960.16 237.706
1960.25 177.609
1960.33 81.7723
1960.42 97.7665
1960.5 93.6828
1960.58 92.1346
1960.67 128.339
1960.75 136.926
1960.84 115.192
1960.92 155.952
1961 174.512
1961.09 154.206
1961.16 112.561
1961.25 135.03
1961.33 204.072
1961.41 227.979
1961.5 159.605
1961.58 191.086
1961.67 267.538
1961.75 284.833
1961.83 315.343
1961.92 353.001
1962 318
1962.09 311.203
1962.16 395.949
1962.25 475.461
1962.33 511.188
1962.41 411.685
1962.5 413.851
1962.58 284.833
1962.67 281.619
1962.75 228.405
1962.83 322.136
1962.92 381.531
1963 486.02
1963.09 553.757
1963.16 546.433
1963.25 546.433
1963.33 555.662
1963.41 808.48
1963.5 838.09
1963.58 850.579
1963.67 849.168
1963.75 1112.51
1963.83 1027.9
1963.92 624.389
1964 495.057
1964.09 401.73
1964.16 492.714
1964.25 712.691
1964.33 917.175
1964.42 600.063
1964.5 752.226
1964.58 818.531
1964.67 991.641
1964.75 1118.5
1964.84 1139.35
1964.92 1487.43
1965 1485.48
1965.09 1469.47
1965.16 1590.95
1965.25 1722.42
1965.33 1732.1
1965.41 1415.73
1965.5 1334.59
1965.58 1322.82
1965.67 1332.35
1965.75 1334.08
1965.83 1463.58
1965.92 1488.12
1966 1360.76
1966.09 1357.54
1966.16 1203.93
1966.25 1096.45
1966.33 1149.72
1966.41 1029.88
1966.5 946.084
1966.58 946.223
1966.67 606.17
1966.75 789.862
1966.83 903.783
1966.92 796.166
1967 692.065
1967.09 639.28
1967.16 745.779
1967.25 768.59
1967.33 674.043
1967.41 640.129
1967.5 672.104
1967.58 586.065
1967.67 643.087
1967.75 642.638
1967.83 584.205
1967.92 578.344
1968 615.975
1968.09 581.507
1968.16 569.872
1968.25 624.216
1968.33 565.376
1968.42 471.277
1968.5 479.945
1968.58 504.797
1968.67 452.145
1968.75 394.877
1968.84 310.903
1968.92 349.79
1969 449.875
1969.09 478.844
1969.16 446.989
1969.25 424.65
1969.33 318.164
1969.41 292.731
1969.5 325.931
1969.58 399.766
1969.67 423.153
1969.75 440.097
1969.83 452.388
1969.92 459.031
1970 439.391
1970.09 496.47
1970.16 476.199
1970.25 413.357
1970.33 413.824
1970.41 335.909
1970.5 337.309
1970.58 392.924
1970.67 457.491
1970.75 484.509
1970.83 415.174
1970.92 552.996
1971 552.731
1971.09 664.738
1971.16 682.339
1971.25 694.46
1971.33 763.617
1971.41 965.689
1971.5 959.549
1971.58 1002.06
1971.67 979.827
1971.75 1061
1971.83 1078.24
1971.92 1006.5
1972 990.62
1972.09 984.447
1972.16 1145.42
1972.25 1234.21
1972.33 1128.49
1972.42 897.495
1972.5 1092.29
1972.58 644.482
1972.67 1044.3
1972.75 1104.65
1972.84 1058.33
1972.92 1070.42
1973 1049.73
1973.09 1026.84
1973.16 931.47
1973.25 769.139
1973.33 655.991
1973.41 875.3
1973.5 971.374
1973.58 1022.3
1973.67 1122.1
1973.75 1118.33
1973.83 1179.53
1973.92 1165.88
1974 1150.15
1974.09 1244.9
1974.16 1099.06
1974.25 1047.95
1974.33 842.513
1974.41 744.984
1974.5 622.176
1974.58 734.632
1974.67 676.415
1974.75 708.071
1974.83 745.673
1974.92 867.976
1975 870.872
1975.09 963.214
1975.16 1047.32
1975.25 1106.13
1975.33 1120.84
1975.41 1192.11
1975.5 1173.43
1975.58 1073.2
1975.67 1105.14
1975.75 1058.64
1975.83 972.801
1975.92 1001.69
1976 980.115
1976.09 991.422
1976.16 1060.06
1976.25 966.965
1976.33 1085.56
1976.42 1098.25
1976.5 1191.93
1976.58 1216.9
1976.67 1214.97
1976.75 1203.84
1976.84 1224.55
1976.92 1216.35
1977 1181.13
1977.09 1193.37
1977.16 1154.13
1977.25 1180.42
1977.33 1160.64
1977.41 1079.52
1977.5 938.985
1977.58 973.515
1977.67 955.55
1977.75 1067.8
1977.83 1237.48
1977.92 1151.19
1978 971.873
1978.09 915.172
1978.16 875.998
1978.25 707.771
1978.33 567.091
1978.41 691.091
1978.5 684.214
1978.58 913.706
1978.67 898.017
1978.75 713.296
1978.83 787.322
1978.92 829.32
1979 696.127
1979.09 642.862
1979.16 575.319
1979.25 456.355
1979.33 493.148
1979.41 386.645
1979.5 395.269
1979.58 315.954
1979.67 340.017
1979.75 405.852
1979.83 410.865
1979.92 508.552
1980 475.461
1980.09 438.216
1980.16 509.452
1980.25 429.005
1980.33 432.311
1980.42 327.264
1980.5 320.247
1980.58 336.259
1980.67 328.325
1980.75 278.408
1980.84 238.213
1980.92 240.416
1981 324.584
1981.09 273.147
1981.16 258.454
1981.25 235.884
1981.33 209.26
1981.41 273.009
1981.5 293.839
1981.58 298.029
1981.67 336.521
1981.75 245.015
1981.83 256.39
1981.92 327.052
1982 371.868
1982.09 266.32
1982.16 360.3
1982.25 390.724
1982.33 426.978
1982.41 264.522
1982.5 176.459
1982.58 180.921
1982.67 141.972
1982.75 177.017
1982.83 197.613
1982.92 171.287
1983 221.67
1983.09 275.746
1983.16 327.031
1983.25 332.374
1983.33 249.443
1983.41 303.278
1983.5 381.757
1983.58 380.502
1983.67 401.066
1983.75 405.529
1983.83 430.611
1983.92 428.376
1984 480.659
1984.09 453.696
1984.16 390.698
1984.25 350.842
1984.33 283.691
1984.42 329.476
1984.5 358.7
1984.58 418.501
1984.67 442.845
1984.75 433.873
1984.84 424.225
1984.92 440.244
1985 502.846
1985.09 608.109
1985.16 643.806
1985.25 672.482
1985.33 686.82
1985.41 827.114
1985.5 782.662
1985.58 815.947
1985.67 916.707
1985.75 915.105
1985.83 999.483
1985.92 921.935
1986 926.655
1986.09 705.674
1986.16 832.911
1986.25 1112.26
1986.33 1180.33
1986.41 1251.9
1986.5 1288.62
1986.58 1238.04
1986.67 1198.5
1986.75 1303.01
1986.83 1065.26
1986.92 1315.78
1987 1581.41
1987.09 1829.37
1987.16 1511.03
1987.25 1743.23
1987.33 1427.33
1987.41 1081.21
1987.5 1095.38
1987.58 976.092
1987.67 889.123
1987.75 891.062
1987.83 786.309
1987.92 785.69
1988 560.187
1988.09 621.268
1988.16 645.519
1988.25 598.651
1988.33 644.301
1988.42 605.75
1988.5 511.362
1988.58 490.781
1988.67 500.971
1988.75 451.296
1988.84 446.48
1988.92 364.047
1989 308.728
1989.09 312.529
1989.16 188.291
1989.25 206.884
1989.33 166.312
1989.41 170.543
1989.5 217.283
1989.58 189.816
1989.67 186.086
1989.75 144.783
1989.83 130.907
1989.92 148.096
1990 175.328
1990.09 186.472
1990.16 166.734
1990.25 137.575
1990.33 133.603
1990.41 132.279
1990.5 169.679
1990.58 162.148
1990.67 187.225
1990.75 217.836
1990.83 268.796
1990.92 265.562
1991 322.845
1991.09 341.014
1991.16 179.039
1991.25 195.047
1991.33 203.745
1991.41 77.6082
1991.5 83.5004
1991.58 130.431
1991.67 189.7
1991.75 208.28
1991.83 216.128
1991.92 243.542
1992 251.524
1992.09 229.233
1992.16 284.924
1992.25 367.452
1992.33 333.8
1992.42 444.688
1992.5 523.635
1992.58 509.729
1992.67 475.364
1992.75 562.272
1992.84 527.618
1992.92 624.303
1993 564.287
1993.09 569.283
1993.16 506.619
1993.25 597.781
1993.33 640.084
1993.41 682.964
1993.5 701.749
1993.58 691.627
1993.67 730.889
1993.75 742.5
1993.83 750.728
1993.92 755.984
1994 761.389
1994.09 569.048
1994.16 628.273
1994.25 663.295
1994.33 707.471
1994.41 703.088
1994.5 767.111
1994.58 813.196
1994.67 890.868
1994.75 838.634
1994.83 887.124
1994.92 859.663
1995 885.195
1995.09 953.383
1995.16 850.702
1995.25 996.397
1995.33 984.447
1995.41 943.251
1995.5 948.858
1995.58 1013.51
1995.67 1023.66
1995.75 986.113
1995.83 1046.01
1995.92 1064.16
1996 1027.6
1996.09 1107.62
1996.16 1093.35
1996.25 1086.29
1996.33 1127.31
1996.42 1090.42
1996.5 1115.83
1996.58 1125.71
1996.67 1120.84
1996.75 1041.91
1996.84 1026.53
1996.92 1019.96
1997 1057.62
1997.09 1125.38
1997.16 1057.62
1997.25 1061.63
1997.33 1082.01
1997.41 1109.36
1997.5 1073.2
1997.58 1134.93
1997.67 1072.49
1997.75 1018.15
1997.83 1007.62
1997.92 1042.45
1998 1041.45
1998.09 1015.08
1998.16 1057.47
1998.25 805.526
1998.33 649.73
1998.41 691.286
1998.5 768.261
1998.58 613.71
1998.67 757.979
1998.75 876.951
1998.83 827.829
1998.92 720.092
1999 607.687
1999.09 624.172
1999.16 615.247
1999.25 641.516
1999.33 605.12
1999.41 690.312
1999.5 750.461
1999.58 595.054
1999.67 468.079
1999.75 394.433
1999.83 377.732
1999.92 366.61
2000 374.123
2000.09 343.397
2000.16 298.393
2000.25 304.293
2000.33 244.201
2000.42 206.871
2000.5 174.205
2000.58 201.488
2000.67 224.22
2000.75 273.252
2000.84 221.642
2000.92 246.496
2001 292.563
2001.09 347.063
2001.16 394.929
2001.25 232.692
2001.33 288.163
2001.41 313.579
2001.5 330.054
2001.58 273.86
2001.67 279.581
2001.75 240.341
2001.83 291.572
2001.92 322.574
2002 245.569
2002.09 326.861
2002.16 286.932
2002.25 279.189
2002.33 278.054
2002.41 298.603
2002.5 255.18
2002.58 212.098
2002.67 252.652
2002.75 272.627
2002.83 233.887
2002.92 253.688
2003 279.154
2003.09 284.525
2003.16 284.561
2003.25 266.759
2003.33 247.117
2003.41 201.997
2003.5 242.46
2003.58 264.656
2003.67 284.525
2003.75 247.226
2003.83 146.446
2003.92 270.627
2004 263.036
2004.09 344.226
2004.16 398.525
2004.25 432.542
2004.33 477.81
2004.42 471.913
2004.5 410.184
2004.58 448.52
2004.67 469.153
2004.75 601.646
2004.84 459.155
2004.92 509.209
2005 340.084
2005.09 468.458
2005.16 498.664
2005.25 537.743
2005.33 420.848
2005.41 503.735
2005.5 527.222
2005.58 426.807
2005.67 328.986
2005.75 523.635
2005.83 617.132
2005.92 632.712
2006 651.004
2006.09 778.088
2006.16 828.186
2006.25 838.331
2006.33 845.497
2006.41 835.857
2006.5 802.412
2006.58 852.24
2006.67 817.767
2006.75 901.616
2006.83 907.671
2006.92 737.401
2007 969.166
2007.09 965.902
2007.16 992.006
2007.25 1026.84
2007.33 1095.79
2007.41 1068.43
2007.5 1065.82
2007.58 1040.75
2007.67 1057.94
2007.75 1060.69
2007.83 1110.6
2007.92 1158.55
2008 1090.58
2008.09 1053.55
2008.16 1117.58
2008.25 1061.55
2008.33 990.11
2008.42 1012.68
2008.5 1044.15
2008.58 1122.52
2008.67 1164.74
2008.75 1211.03
2008.84 1310.78
2008.92 1385.7
2009 1434.39
2009.09 1481.8
2009.16 1497.61
2009.25 1504.59
2009.33 1487.43
2009.41 1566.8
2009.5 1621.1
2009.58 1569.37
2009.67 1550.77
2009.75 1655.14
2009.83 1812.42
2009.92 1846.79
2010 1859.05
2010.09 1497.96
2010.16 1455.01
2010.25 1374.59
2010.33 1267.56
2010.41 1306.09
2010.5 1342.05
2010.58 996.25
2010.67 971.659
2010.75 997.351
2010.83 984.592
2010.92 962.367
2011 1072.41
2011.09 1044.07
2011.16 858.359
2011.25 665.812
2011.33 775.646
2011.41 593.039
2011.5 676.986
2011.58 655.348
2011.67 677.748
2011.75 594.231
2011.83 697.405
2011.92 854.768
2012 788.506
2012.09 675.275
2012.16 471.309
2012.25 704.33
2012.33 707.871
2012.42 618.206
2012.5 452.236
2012.58 481.83
2012.67 550.421
2012.75 542.737
2012.84 552.655
2012.92 590.214
2013 630.73
2013.09 657.555
2013.16 577.307
2013.25 573.774
2013.33 447.198
2013.41 449.574
2013.5 481.83
2013.58 521.887
2013.67 510.667
2013.75 549.553
2013.83 517.74
2013.92 485.527
2014 482.613
2014.09 413.576
2014.16 422.533
2014.25 451.539
2014.33 507.067
2014.41 442.43
2014.5 470.991
2014.58 522.457
2014.67 462.191
2014.75 452.054
2014.83 436.345
2014.92 359.123
2015 150.302
2015 150.302
