1990 755.232
1990.09 727.852
1990.16 757.8
1990.25 825.439
1990.33 826.729
1990.41 800.828
1990.5 749.624
1990.58 773.884
1990.67 720.304
1990.75 665.553
1990.83 633.726
1990.92 733.754
1991 693.788
1991.09 707.242
1991.16 885.432
1991.25 861.313
1991.33 859.658
1991.5 1247.56
1991.58 980.391
1991.67 919.099
1991.75 915.841
1991.83 893.152
1991.92 842.065
1992 840.213
1992.09 852.497
1992.16 788.96
1992.25 747.941
1992.33 789.358
1992.42 722.893
1992.5 713.43
1992.58 734.174
1992.67 746.965
1992.75 737.544
1992.84 726.056
1992.92 689.453
1993 699.124
1993.09 694.845
1993.16 704.701
1993.25 666.288
1993.33 657.43
1993.41 670.902
1993.5 693.725
1993.58 683.893
1993.67 667.957
1993.75 665.853
1993.83 664.744
1993.92 676.013
1994 755.717
1994.09 677.467
1994.16 677.391
1994.25 701.036
1994.33 677.237
1994.41 676.457
1994.5 679.34
1994.58 671.266
1994.67 659.219
1994.75 654.485
1994.83 642.589
1994.92 646.62
1995 638.08
1995.09 636.379
1995.16 647.676
1995.25 629.425
1995.33 619.986
1995.41 643.809
1995.5 659.931
1995.58 650.231
1995.67 638.663
1995.75 626.784
1995.83 631.34
1995.92 631.424
1996 643.68
1996.09 634.092
1996.16 622.108
1996.25 608.875
1996.33 614.26
1996.42 623.813
1996.5 627.436
1996.58 629.984
1996.67 636.719
1996.75 627.477
1996.84 616.856
1996.92 607.626
1997 611.372
1997.09 601.33
1997.16 582.197
1997.25 589.877
1997.33 588.989
1997.41 586.967
1997.5 705.825
1997.58 651.368
1997.67 606.023
1997.75 607.653
1997.83 622.355
1997.92 596.329
1998 587.573
1998.09 579.125
1998.16 574.699
1998.25 612.793
1998.33 626.714
1998.41 631.452
1998.5 616.612
1998.58 650.639
1998.67 710.831
1998.75 863.11
1998.83 633.192
1998.92 638.834
1999 710.75
1999.09 665.313
1999.16 726.338
1999.25 644.097
1999.33 640.387
1999.41 618.173
1999.5 641.444
1999.58 730.654
1999.67 707.952
1999.75 892.275
1999.83 715.125
1999.92 702.042
2000 677.467
2000.09 685.896
2000.16 713.007
2000.25 702.602
2000.33 772.801
2000.42 873.606
2000.5 874.586
2000.58 811.83
2000.67 771.702
2000.75 713.902
2000.84 779.181
2000.92 738.118
2001 702.442
2001.09 650.902
2001.16 638.18
2001.25 777.143
2001.33 734.258
2001.41 736.295
2001.5 740.404
2001.58 767.849
2001.67 972.302
2001.75 756.237
2001.83 702.634
2001.92 704.46
2002 761.566
2002.09 689.813
2002.16 716.612
2002.25 719.236
2002.33 723.72
2002.41 708.921
2002.5 752.707
2002.58 807.831
2002.67 774.631
2002.75 765.227
2002.83 797.982
2002.92 766.423
2003 730.989
2003.09 748.319
2003.16 736.818
2003.25 755.7
2003.33 755.752
2003.41 913.695
2003.5 797.469
2003.58 764.613
2003.67 765.526
2003.75 790.302
2003.83 915.549
2003.92 742.919
2004 796.755
2004.09 681.666
2004.16 648.27
2004.25 639.403
2004.33 628.242
2004.42 632.672
2004.5 659.842
2004.58 640.986
2004.67 635.291
2004.75 600.429
2004.84 637.371
2004.92 626.257
2005 705.632
2005.09 637.655
2005.16 626.798
2005.25 619.399
2005.33 643.45
2005.41 610.155
2005.5 634.289
2005.58 653.4
2005.67 700.207
2005.75 622.698
2005.83 595.169
2005.92 592.476
2006 576.078
2006.09 549.732
2006.16 540.603
2006.25 540.998
2006.33 542.757
2006.41 543.596
2006.5 565.239
2006.58 569.81
2006.67 593.756
2006.75 557.913
2006.83 559.924
2006.92 580.299
2007 542.184
2007.09 542.746
2007.16 532.002
2007.25 520.036
2007.33 520.776
2007.41 523.606
2007.5 555.741
2007.58 555.89
2007.67 540.166
2007.75 528.963
2007.83 522.734
2007.92 505.043
2008 504.948
2008.09 501.18
2008.16 499.234
2008.25 495.289
2008.33 516.397
2008.42 513.858
2008.5 625.621
2008.58 520.979
2008.67 517.648
2008.75 502.291
2008.84 488.424
2008.92 488.085
2009 475.393
2009.09 796.919
2009.16 461.636
2009.25 459.748
2009.33 678.971
2009.41 460.856
2009.5 427.832
2009.58 463.018
2009.67 464.782
2009.75 465.994
2009.83 461.271
2009.92 466.653
2010 466.851
2010.09 483.821
2010.16 488.12
2010.25 496.013
2010.33 484.101
2010.41 490.802
2010.5 494.477
2010.58 504.645
2010.67 502.807
2010.75 491.032
2010.83 509.702
2010.92 508.899
2011 484.911
2011.09 481.283
2011.16 500.02
2011.25 526.852
2011.33 584.23
2011.41 547.83
2011.5 537.641
2011.58 527.446
2011.67 531.154
2011.75 533.022
2011.83 518.19
2011.92 501.46
2012 510.877
2012.09 526.78
2012.16 555.419
2012.25 506.891
2012.33 506.757
2012.42 522.775
2012.5 580.583
2012.58 549.574
2012.67 530.668
2012.75 529.572
2012.84 532.363
2012.92 525.721
2013 515.83
2013.09 548.627
2013.16 533.651
2013.25 532.756
2013.33 575.15
2013.41 571.34
2013.5 558.655
2013.58 554.076
2013.67 553.538
2013.75 536.582
2013.83 543.055
2013.92 539.511
2014 540.406
2014.09 559.854
2014.16 541.744
2014.25 539.827
2014.33 531.419
2014.41 557.391
2014.5 545.917
2014.58 536.237
2014.67 561.972
2014.75 574.236
2014.83 589.065
2014.92 618.704
2015 583.443
2015.09 578.078
2015.16 598.504
2015.25 574.711
2015.33 570.195
2015.41 578.681
2015.5 549.529
2015.58 563.478
2015.67 561.011
2015.75 557.334
2015.83 552.762
2015.92 545.594
2016 533.406
2016.09 512.716
2016.16 512.893
2016.25 512.441
2016.33 510.236
2016.42 507.283
2016.5 512.608
2016.58 506.013
2016.67 505.832
2016.75 497.755
2016.84 499.52
2016.92 489.053
2017 480.924
2017.09 472.477
2017.16 468.897
2017.25 478.373
2017.33 477.242
2017.41 474.308
2017.5 487.65
2017.58 498.259
2017.67 507.456
2017.75 499.973
2017.83 487.165
2017.92 493.731
2018 477.25
2018.09 469.85
2018.16 467.882
2018.25 469.136
2018.33 475.046
2018.41 472.113
2018.5 471.987
2018.58 473.445
2018.67 473.708
2018.75 480.174
2018.75 480.174
